1.63018
1.59733
5.567
5.6864
1.64743
5.77158
5.62263
7.10549
4.38301
4.11759
4.21805
4.23878
4.20499
4.27862
4.13384
4.34183
1.67908
1.5399
5.75428
5.62577
1.51666
5.92249
5.70236
6.82805
4.24102
4.16457
4.19662
4.11781
4.15897
4.23841
4.15477
4.40664
1.69707
1.55716
5.15075
5.17807
1.5167
5.28333
5.36557
6.13046
4.04
3.82213
3.77122
3.67709
3.81585
3.67372
3.59587
4.09076
1.62155
1.58396
4.63638
4.80976
1.51962
4.88242
4.64193
5.83029
3.36018
3.30277
3.4529
3.28819
3.43583
3.25265
3.10886
4.42496
1.63134
1.58564
4.56777
4.54329
1.51539
4.83727
4.53303
5.84899
3.22207
3.32339
3.32847
3.1273
3.39104
3.25677
2.95109
3.1946
1.62501
1.58177
4.60724
4.70517
1.51716
4.67964
4.7463
5.65895
3.16915
3.0862
3.09882
3.0858
3.13922
3.08241
3.18099
4.40329
1.69656
1.55854
4.57763
4.50996
1.51736
4.74182
4.60699
5.67558
3.13774
3.12587
3.12403
3.11717
3.25966
3.16348
3.0868
3.11633
1.62446
1.58607
4.58682
4.49473
1.51651
4.75399
4.54221
6.36009
3.2129
3.24304
3.1664
3.15372
3.12583
3.2324
2.9406
4.49426
1.6255
1.58482
4.56058
4.56864
1.51459
4.74001
4.661
6.17732
3.61332
3.20108
3.16125
3.26333
3.16302
3.23062
2.97634
3.37296
1.6237
1.5824
4.52284
4.49765
1.516
4.85423
4.67514
5.99807
3.12873
3.08514
3.0934
3.73724
3.32041
3.39418
3.15177
4.32662
1.69558
1.55701
4.6109
4.54364
1.51416
5.07936
4.71702
5.91952
3.11706
3.18835
3.2219
3.14818
3.24731
3.2113
2.90232
3.14499
1.62409
1.58283
4.44264
4.53088
1.51794
4.80167
4.53925
5.8506
3.32532
3.09229
3.1548
3.09012
3.19673
3.24234
3.03505
4.20888
1.62585
1.58558
4.94319
4.58218
1.51624
4.65023
4.64828
5.87084
3.26569
3.13436
3.23058
3.18115
3.22788
3.09566
2.99555
3.3352
1.6234
1.58278
4.7319
4.60037
1.51891
4.77697
4.86228
5.88149
3.27679
3.23677
3.14568
3.23436
3.25556
3.14077
2.98036
4.29177
1.69474
1.55527
4.63485
4.62897
1.51232
4.8395
4.68834
5.65795
3.15951
3.15432
3.28045
3.15178
3.29172
3.36637
3.092
3.11351
1.62309
1.58252
4.55176
4.53083
1.51876
4.72493
4.56125
6.06838
3.40381
3.0894
3.22004
3.15464
3.27114
3.13092
2.96176
4.3841
1.62802
1.58659
4.62343
4.61081
1.51379
4.73173
4.66426
5.73379
3.14134
3.19566
3.14707
3.16474
3.22513
3.22251
2.99452
3.29709
1.6238
1.58071
4.58883
4.50279
1.51833
5.01768
4.53453
6.30411
3.29808
3.13619
3.23888
3.15631
3.16268
3.27069
3.17314
4.3501
1.69644
1.55518
4.59625
4.47808
1.51401
4.65992
4.82684
6.18254
3.48997
3.17815
3.17893
3.44565
3.24204
3.20578
3.13199
3.33409
1.62366
1.58443
4.56431
4.53001
1.51662
4.6994
4.59542
5.68361
3.87294
3.31513
3.15411
3.15785
3.39009
3.14442
2.99138
4.38433
1.6273
1.58523
4.53766
4.61488
1.51575
4.72728
4.63797
5.83457
3.63447
3.20712
3.16339
3.10006
3.2339
3.17003
3.04128
3.08932
1.6243
1.58471
4.64958
4.50798
1.51742
4.74158
4.70034
5.64015
3.13002
3.1588
3.1412
3.07057
3.37595
3.2026
3.00579
4.09224
1.69661
1.55617
4.51811
4.57453
1.51206
4.76382
4.88263
5.98963
3.68941
3.32315
3.13956
3.4649
3.29132
3.14522
2.99993
3.18025
1.62468
1.5824
4.55544
4.6464
1.51812
4.68772
4.60051
5.65145
3.1533
3.20301
3.21958
3.12921
3.23108
3.03205
3.16194
4.30136
1.62774
1.58629
4.56594
4.42628
1.51707
4.67743
5.25439
6.11851
3.24201
3.53593
3.25956
3.08634
3.18374
3.09735
2.89514
3.02896
1.62567
1.58488
4.66152
4.46976
1.51358
4.70032
4.67898
5.61457
3.44787
3.09961
3.52034
3.14685
3.42465
3.14317
3.17995
4.09708
1.69683
1.55973
4.48372
4.79349
1.51563
4.86112
4.53307
5.77625
3.521
3.14932
3.1522
3.16312
3.26751
3.08683
3.03192
2.98816
1.62665
1.58624
4.72985
4.53127
1.5176
4.67118
4.75648
6.09472
3.21042
3.11259
3.0859
3.12846
3.29272
3.17839
2.98662
4.332
1.62455
1.58412
4.71103
4.62581
1.51206
4.80677
4.72878
5.97744
3.64753
3.37894
3.16902
3.15962
3.20111
3.28355
3.06097
3.26254
1.62402
1.58233
4.54161
4.56495
1.51575
4.66285
4.67582
6.30324
3.14969
3.1874
3.22712
3.4235
3.48724
3.205
3.09332
4.20028
1.6969
1.55722
4.51914
4.78787
1.51395
4.75915
4.55847
5.91752
3.32297
3.12775
3.22505
3.16003
3.37418
3.27088
3.12773
3.20187
1.62415
1.58479
4.61523
4.86411
1.51647
4.79399
4.59358
6.44553
3.07225
3.16482
3.12952
3.1763
3.15356
3.32117
3.02856
4.17689
1.62298
1.58508
4.53743
4.64202
1.51395
4.78826
4.64181
6.62026
3.09615
3.04145
3.05484
3.14405
3.24412
3.27733
2.94868
3.40664
1.62529
1.58162
4.7842
4.47901
1.51617
4.82177
4.53363
6.04597
3.11181
3.22999
3.20773
3.1955
3.26944
3.06676
3.12269
4.27668
1.69868
1.55672
4.61742
4.45589
1.51743
4.76712
4.52387
5.48916
3.28097
3.18843
3.1385
3.04314
3.38295
3.39342
3.01106
3.12927
1.62228
1.58677
4.53615
4.60178
1.51689
4.66231
4.74144
5.95916
3.59295
3.25372
3.20941
3.36878
3.2245
3.21497
3.02572
4.26355
1.62513
1.58459
4.54942
4.4442
1.51798
4.73477
4.5238
5.69721
3.30816
3.11376
3.22411
3.07575
3.37385
3.26377
3.00484
3.38155
1.62567
1.58327
4.61742
4.63654
1.51481
4.71688
4.58594
5.83419
3.3062
3.08831
3.22124
3.16968
3.18103
3.11194
3.11078
4.14607
1.69517
1.56061
4.61409
4.46102
1.51409
4.76324
4.96816
5.63513
3.10816
3.18041
3.40395
3.16593
3.2012
3.16832
3.02601
3.18179
1.62521
1.5844
4.53219
4.79829
1.5178
4.93893
4.63613
5.91799
3.12944
3.07108
3.10775
3.15155
3.28816
3.17206
3.02612
4.28549
1.62724
1.58651
4.64045
4.51609
1.5152
4.7051
4.53725
5.68314
3.53761
3.18054
3.0989
3.16965
3.14784
3.05712
3.05434
3.45502
1.62437
1.58375
4.66115
4.49327
1.51537
4.76481
4.63763
5.618
3.24698
3.19906
3.23443
3.48155
3.36205
3.09321
3.03843
4.25158
1.69874
1.55771
4.5999
4.63537
1.51555
4.67311
4.67815
6.63583
3.3267
3.16479
3.15746
3.33618
3.18959
3.16367
3.01885
3.09199
1.6232
1.58507
4.66205
4.52771
1.51459
4.77683
4.61154
7.85275
3.25823
3.08971
3.19897
3.12053
3.2194
3.11105
2.94142
4.24689
1.62993
1.58579
4.5205
4.51024
1.51501
4.842
4.64362
6.18748
3.23755
3.41194
3.10789
3.48306
3.18302
3.13247
2.97595
3.18937
1.62462
1.58298
4.75788
4.59541
1.52023
4.68316
4.57758
5.66428
3.23742
3.3398
3.24784
3.45242
3.21588
3.37822
3.02932
4.25155
1.69617
1.55479
4.58009
4.71263
1.51559
4.6103
4.55894
5.89318
3.43506
3.12153
3.17249
3.19153
3.26865
3.07184
2.94899
3.19182
1.62404
1.58186
4.62972
4.66817
1.51659
4.73345
4.70771
5.49436
3.07072
3.20723
3.09928
3.14286
3.2474
3.10685
3.24132
4.21884
1.6266
1.58564
4.67112
4.51802
1.51556
4.7185
4.67968
6.29004
3.46607
3.38236
3.17426
3.11724
3.24798
3.08806
3.01495
3.12732
1.62406
1.58139
4.67253
4.46918
1.51659
4.63829
4.50565
5.89964
3.18195
3.16903
3.22621
3.35429
3.21996
3.17144
3.0049
4.21334
1.69605
1.55583
4.73653
4.43067
1.51498
4.71164
4.65453
5.59316
3.12627
3.12995
3.16804
3.19097
3.21904
3.13345
2.96631
3.114
1.62438
1.587
4.57899
4.46905
1.51503
4.6157
4.64574
6.36291
3.21919
3.18783
3.10957
3.07919
3.24837
3.3225
3.03494
4.27449
1.62606
1.58511
4.56234
4.6085
1.51626
4.89661
4.6671
6.18721
3.35434
3.09908
3.06954
3.22138
3.24799
3.36698
3.05135
3.08774
1.62322
1.5821
4.57133
4.59091
1.5184
4.62795
4.63631
6.54904
3.63515
3.05424
3.19154
3.03757
3.21988
3.1931
3.03732
4.25336
1.69684
1.55494
4.72925
4.51268
1.51569
4.73142
4.70008
7.01005
3.18115
3.15322
3.15885
3.20714
3.42102
3.27088
3.01398
3.13753
1.62528
1.58423
4.57989
4.65688
1.51778
4.6942
4.66713
5.66462
3.07426
3.13378
3.15633
3.14891
3.21101
3.20822
3.08111
4.37212
1.62697
1.58425
4.53636
4.53009
1.51486
4.70547
4.8395
5.66591
3.17775
3.18674
3.12713
3.15439
3.09314
3.06509
2.94897
3.14428
1.62308
1.58235
4.54816
4.48472
1.51696
4.68225
4.91728
5.90592
3.20111
3.00879
3.08797
3.26605
3.17124
3.09827
3.02289
4.19663
1.69281
1.55776
4.77293
4.60636
1.51834
4.79425
4.43102
6.19388
3.23077
3.15881
3.13594
3.08212
3.27244
3.43822
3.0457
3.14661
1.62254
1.5851
4.74257
4.6002
1.51553
4.7623
4.7024
5.94331
3.28884
3.30072
3.2024
3.35447
3.27588
3.42424
3.02131
4.29689
1.62406
1.58518
4.57894
4.47508
1.51645
4.79105
4.77282
6.66784
3.27567
3.12437
3.29523
3.10544
3.39811
3.06683
3.07881
3.17766
1.62494
1.58178
4.92543
4.65417
1.51786
4.73653
4.80931
7.71557
3.61302
3.19798
3.16951
3.24047
3.30908
3.1949
3.24983
4.44346
1.69595
1.55701
4.59466
4.65693
1.51287
4.86936
4.70279
5.99316
3.49615
3.33109
3.37762
3.33646
3.36104
3.38262
3.17541
3.43004
1.62258
1.58612
5.05818
5.07519
1.75124
5.49814
5.19735
6.65432
4.00971
3.71974
3.7229
3.92624
3.84599
3.8943
3.66746
4.44243
