1.62799
1.59447
5.23565
5.18302
1.64872
5.63478
5.25839
6.72396
3.87906
4.06308
3.95143
3.82843
3.93928
3.73098
3.90557
3.62702
1.68044
1.53821
5.91867
5.96514
1.51841
5.86596
5.66503
6.47582
4.24993
4.06104
4.10672
4.00102
4.14794
3.83205
3.94861
3.7884
1.69183
1.54659
4.77725
4.74543
1.51867
4.73815
4.68971
5.31758
3.25865
3.09811
3.07399
3.08086
3.14233
3.13824
3.0043
2.95264
1.62042
1.59315
4.49514
4.31247
1.52046
4.57101
4.43819
7.07348
2.90563
3.19505
2.95527
2.97789
3.39908
2.88304
2.94989
2.88974
1.62995
1.59254
4.43822
4.30487
1.5151
4.84267
4.53475
8.77486
3.40598
3.01848
2.96118
3.16338
3.04113
3.13479
2.91072
2.7898
1.62603
1.59221
4.33049
4.35356
1.51678
4.62637
4.53583
5.97362
3.71632
2.82224
2.88449
2.84777
3.01821
3.01153
2.88576
2.81517
1.69452
1.54747
4.31832
4.25388
1.51513
4.53112
4.34056
5.36825
2.92869
2.90141
3.07714
3.17179
3.22115
2.96591
2.77258
2.73306
1.62273
1.59477
4.31439
4.21592
1.51907
4.5797
4.29004
5.86736
2.86436
2.95673
3.0778
2.88522
3.17442
2.84166
3.00971
2.7276
1.62735
1.59531
4.22767
4.28236
1.51611
4.69195
4.3291
5.56661
2.93558
2.94346
2.85794
2.99378
2.98033
3.13807
2.71638
2.7267
1.62272
1.59226
4.30044
4.4375
1.51475
4.47423
4.37735
5.35448
3.24816
3.04237
2.89875
2.88341
3.10723
3.31763
2.96213
2.69439
1.69438
1.54839
4.40307
4.34854
1.51673
4.46026
4.33869
6.24502
2.87222
2.85153
2.93435
2.99907
3.22726
3.04817
2.80402
2.90381
1.62397
1.59452
4.46463
4.19878
1.52015
4.42185
4.30973
6.66972
2.85688
2.80723
2.9226
2.86621
2.92568
2.9252
2.84605
2.75883
1.62586
1.59422
4.29055
4.27703
1.5151
4.41409
4.29046
5.90176
2.93141
2.93959
3.04936
2.8805
3.07225
2.85325
2.77141
2.70863
1.62004
1.59277
4.24456
4.38111
1.51906
4.49911
4.3037
5.60941
2.88171
2.97777
2.90418
2.94868
3.21581
2.93761
2.85384
2.72239
1.69231
1.54626
4.43684
4.38513
1.51566
4.7083
4.4179
5.41099
3.33971
2.94207
2.88512
2.92306
2.91187
2.9902
2.8374
2.76791
1.62458
1.59401
4.44789
4.24556
1.51664
4.46892
4.30716
5.65109
2.96926
2.99765
2.88933
3.0451
3.22705
2.91248
3.0353
2.85369
1.62491
1.59497
4.42389
4.34321
1.51888
4.72412
4.37314
5.76832
2.86875
2.94135
3.16745
3.38366
3.05663
2.9935
2.80252
2.75254
1.62102
1.59336
4.33756
4.255
1.5119
4.49019
4.25643
5.71104
2.92151
2.91565
2.91538
2.93805
2.96247
2.97681
2.81008
2.83501
1.69267
1.54682
4.27359
4.25287
1.51631
4.55025
4.29093
5.61746
3.22459
2.86402
2.90596
3.24641
3.05425
3.00623
2.74752
2.76876
1.62176
1.59268
4.32254
4.25243
1.52168
4.36312
4.32173
5.38291
2.82927
2.99897
2.84486
2.88584
3.15304
2.84534
2.93498
2.74348
1.62463
1.59663
4.40807
4.19682
1.5219
4.54865
4.32611
5.58479
3.06716
3.00147
2.90227
2.89932
3.00204
2.83297
2.83285
2.73769
1.62112
1.59721
4.34079
4.27608
1.51524
4.5016
4.34894
5.6174
2.82776
3.00443
3.19003
2.99549
3.09956
2.9438
2.77728
2.83824
1.69323
1.54761
4.24394
4.20808
1.51719
4.50425
4.34863
5.70284
2.96423
2.83815
3.1752
2.89775
3.16879
2.92502
2.90387
2.77768
1.62284
1.59647
4.25518
4.39307
1.51648
4.5412
4.30879
5.6098
2.90824
2.85295
2.89862
3.04571
3.05681
2.94288
2.97761
2.77842
1.62684
1.59438
4.7169
4.23663
1.5174
4.44676
4.31342
5.62262
2.97261
2.89686
2.94782
2.89358
3.0434
2.91083
2.79405
2.70835
1.62054
1.59477
4.25594
4.2813
1.51659
4.54876
4.41785
5.51825
3.00685
3.15408
3.04781
2.85372
2.98715
2.92601
2.78047
2.81828
1.69294
1.54503
4.24926
4.23968
1.5144
4.48757
4.50127
5.64997
2.98903
2.93149
3.02973
2.91983
3.13147
3.02228
2.77544
2.7346
1.62389
1.59437
4.2764
4.22183
1.51693
4.50316
4.37415
5.71145
2.8598
3.03597
2.9179
2.94523
3.06285
2.92207
2.84404
2.84947
1.62647
1.59283
4.34423
4.34219
1.51782
4.49071
4.5209
5.59532
2.81983
2.91192
3.38841
2.82438
3.11259
2.93538
2.80868
2.65863
1.62159
1.59127
4.47722
4.25837
1.51763
4.4475
4.30697
5.3661
3.1951
2.80833
3.0327
3.06837
3.03751
2.87499
2.83822
2.85974
1.69192
1.54675
4.32979
4.37505
1.51676
4.44771
4.44684
5.76681
2.92783
2.86012
2.89721
2.95012
3.02842
2.85268
2.75998
2.69192
1.62286
1.595
4.34553
4.21325
1.51734
4.50443
4.53105
5.85271
2.83264
3.05245
2.88461
2.95327
2.97634
2.83262
3.09888
2.93809
1.62533
1.59321
4.23755
4.34433
1.51688
4.59411
4.34094
5.78847
3.11865
2.8952
2.89163
2.86167
3.2517
3.00822
2.98238
2.88742
1.62411
1.58791
4.50555
4.58155
1.51936
4.71545
4.28648
5.67709
2.96145
2.77538
3.22473
2.81112
3.02381
3.00422
2.80645
2.74529
1.69467
1.54657
4.31412
4.26246
1.51777
4.35499
4.33317
5.66098
2.97463
2.8471
2.87135
3.16178
2.98043
2.92071
2.94688
2.75121
1.62499
1.59575
4.24952
4.30546
1.5177
4.51829
4.40354
5.64064
2.85161
2.83701
2.85129
3.02593
3.01478
3.11532
3.10546
2.75836
1.6248
1.59492
4.24862
4.45405
1.51555
4.64228
4.36273
5.54183
2.89334
2.86509
3.19717
3.00336
3.18884
3.04911
2.8148
2.93765
1.61775
1.5939
4.25785
4.20773
1.51816
4.5111
4.25613
5.65565
3.02794
2.89633
2.9358
3.04574
2.9287
2.82275
2.73514
2.97331
1.69391
1.54596
4.43243
4.34026
1.51653
4.39869
4.36628
5.78483
3.20209
2.90173
2.88284
2.83643
3.00903
2.84186
2.84225
2.91896
1.62427
1.59214
4.29827
4.26268
1.51757
4.4198
4.30087
5.62878
2.92241
2.99655
2.87502
3.22504
3.01228
2.84245
2.82516
2.80544
1.62597
1.59288
4.22668
4.40228
1.5187
4.61684
4.54603
5.907
2.97979
2.90295
2.9332
2.89174
2.98824
2.87483
2.84448
2.74684
1.62123
1.59254
4.28577
4.32242
1.51675
4.37375
4.2826
5.61296
3.0651
3.05168
2.89697
2.90103
3.02513
2.90472
3.04042
2.90001
1.69505
1.54722
4.28966
4.18373
1.51565
4.51399
4.65661
5.9199
2.81506
2.87825
3.03383
2.88215
3.01393
2.84232
2.8038
2.9499
1.62449
1.59336
4.33656
4.19926
1.51758
4.46879
4.49501
5.55427
2.84008
3.0112
2.93742
2.99654
2.9257
2.86482
3.11069
2.86279
1.62778
1.59275
4.22449
4.39872
1.51845
4.75046
4.31313
5.9258
3.06496
2.98877
3.02817
3.16474
2.96495
2.94881
3.01716
2.84491
1.62273
1.59425
4.2161
4.53372
1.51778
4.44584
4.34342
5.69056
2.84776
2.88163
2.87506
3.19995
2.95815
3.20651
2.95359
2.75368
1.69603
1.5458
4.33617
4.45912
1.51622
4.36556
4.33623
5.83681
2.9764
2.84666
2.87216
2.84425
3.10641
2.92932
2.81144
2.71538
1.62493
1.59299
4.42833
4.31296
1.51768
4.44945
4.34618
5.46848
2.89601
2.9734
3.11599
2.83317
3.09099
3.02921
2.78317
2.71177
1.6266
1.59326
4.37977
4.29927
1.5171
4.58066
4.25867
5.67049
2.89987
2.83957
3.00911
2.96413
3.23939
2.91636
2.7603
2.76693
1.62113
1.59133
4.24706
4.28018
1.51753
4.58025
4.33564
5.96273
2.86626
2.86983
2.90701
3.13767
3.01081
2.92185
2.80163
2.87374
1.69291
1.54688
4.26982
4.28049
1.51737
4.38668
4.28286
5.74889
2.92463
2.97533
3.05385
2.97357
3.04088
2.98331
2.86226
2.77265
1.62258
1.59358
4.26382
4.30106
1.51817
4.57495
4.34375
5.70547
2.87895
2.98065
2.98218
2.82449
3.03565
2.92136
2.84946
2.73174
1.62679
1.59469
4.22278
4.23466
1.5179
4.50107
4.24992
5.78276
2.85563
3.10158
3.1085
3.0185
2.91299
3.0351
2.8919
2.74504
1.62304
1.59326
4.31257
4.39919
1.5132
4.60934
4.43725
5.51292
2.89755
3.0616
2.84217
2.95339
2.9778
3.0533
2.86943
2.74648
1.69248
1.54732
4.30121
4.29387
1.51672
4.34597
4.38094
5.45037
2.91624
2.75304
2.82442
2.97898
3.08147
2.98433
2.85441
2.85403
1.62223
1.59455
4.25136
4.23501
1.51554
4.36342
4.25659
5.96268
3.04883
2.9948
2.94595
3.17125
3.06457
2.82479
2.75549
2.76423
1.62699
1.59345
4.26413
4.3266
1.51751
4.52959
4.29088
5.98864
3.3062
2.92254
2.85934
3.02854
2.9899
2.92388
2.82345
2.79188
1.62584
1.59262
4.29222
4.27331
1.51546
4.54125
4.24926
6.2431
3.05802
2.79507
2.85112
2.82795
2.91792
3.06778
2.81207
2.76485
1.6953
1.5458
4.21033
4.36481
1.51756
4.41589
4.45099
6.3586
3.1764
2.97739
3.06671
3.06226
2.97466
2.89524
2.72964
2.75174
1.62367
1.59237
4.38889
4.23871
1.51669
4.44183
4.33202
5.90475
3.14453
2.79974
3.00984
2.94076
2.9498
2.90546
3.04414
3.03896
1.62686
1.59306
4.25965
4.34766
1.51746
4.68757
4.78812
5.71072
2.83598
2.78929
2.84757
2.90468
3.09121
2.81363
2.72051
3.05929
1.62459
1.59276
4.25606
4.27151
1.51848
4.57566
4.29539
5.6002
2.92703
3.06255
2.81954
2.9
3.27004
2.99179
2.7494
2.91099
1.69526
1.54683
4.31053
4.26215
1.51588
4.38399
4.47445
5.62208
2.87011
2.91364
2.9291
3.01953
3.35642
2.91531
3.00765
2.81531
1.62309
1.59359
4.49661
4.45792
1.74935
4.47342
4.47103
6.09657
3.11909
3.02968
2.96955
3.09431
3.27912
3.03912
3.0033
2.86169
