1.62738
1.59232
5.20633
5.28039
1.64054
5.48212
5.50283
6.52737
3.71318
3.86743
3.83325
3.75011
3.84204
3.86315
3.73014
3.64746
1.69534
1.54968
6.04078
5.75662
1.51861
5.94581
5.98319
7.16812
4.64038
4.57715
4.53204
4.45026
4.62833
5.05319
4.39309
4.19055
1.68378
1.56112
4.77355
4.75507
1.52276
5.18751
4.90115
5.81904
3.41074
3.71341
3.55332
3.34805
3.46642
3.86238
3.4396
3.4591
1.62883
1.5758
4.29851
4.29635
1.52325
4.49184
4.38808
5.57158
3.01223
3.00555
2.8851
3.47678
3.12667
3.07404
2.85445
3.09944
1.62934
1.57388
4.17716
4.37072
1.51496
4.40171
4.28094
5.50859
2.81557
2.90927
2.77702
2.91086
3.04284
2.84724
2.66504
2.93422
1.63296
1.56972
4.17914
4.22281
1.51825
4.43606
4.256
5.36437
2.78128
2.79908
2.76065
2.90535
2.91208
3.14219
2.75525
2.88956
1.67985
1.56293
4.24966
4.50494
1.51823
4.45693
4.19749
5.73398
2.72756
2.90092
2.72038
2.86072
3.00209
2.99386
2.67508
2.83273
1.6316
1.57167
4.13666
4.28224
1.5163
4.42023
4.27844
5.59527
2.87347
2.74919
2.8093
3.07091
2.98084
2.73957
2.59261
2.66853
1.63565
1.576
4.29124
4.26274
1.51715
4.37386
4.21971
5.31054
2.79214
2.73113
2.72748
2.87932
2.80431
3.04285
2.72298
2.63901
1.62884
1.57168
4.25905
4.1196
1.51988
4.47606
4.29829
5.8397
2.74682
2.86329
2.75725
3.15058
3.16077
2.73113
2.98121
2.6781
1.68122
1.56472
4.58454
4.14787
1.51684
4.35416
4.18162
5.48018
2.77322
2.7329
2.83073
2.92159
3.09945
2.90617
2.61918
2.76412
1.63522
1.5705
4.12592
4.09797
1.51768
4.31359
4.16322
5.64425
3.01812
2.70481
2.71327
2.78649
3.02406
2.83543
2.61676
2.92123
1.63231
1.57729
4.1892
4.13495
1.5176
4.51999
4.11191
5.46495
3.04869
2.73865
3.03224
2.76132
3.01171
2.7493
2.77936
2.70153
1.62971
1.57273
4.36137
4.34851
1.51637
4.45838
4.36956
5.63415
2.71571
2.7767
2.80896
2.86421
2.96877
2.69526
2.86765
2.68426
1.68148
1.56681
4.18173
4.11434
1.51672
4.33558
4.23567
5.41969
2.88126
2.69266
2.75558
2.82033
3.08428
2.70471
2.61872
2.66514
1.62989
1.57319
4.17517
4.39906
1.51714
4.42506
4.27571
5.51289
2.85327
2.81665
2.74724
2.80249
2.86366
2.69956
2.79224
2.64033
1.63166
1.57587
4.37476
4.31002
1.51836
4.45666
4.2732
5.86029
2.90303
2.78956
2.73097
2.71978
2.83631
3.17944
2.74857
2.79739
1.63097
1.57192
4.25806
4.20734
1.51878
4.29833
4.50092
5.72391
3.13695
2.80197
2.78843
2.9337
3.0444
2.74712
2.6047
2.71745
1.67845
1.56398
4.1503
4.20276
1.51293
4.3641
4.2047
5.80626
2.98532
2.77452
2.69615
2.80101
2.91736
2.99436
2.69832
2.62086
1.63177
1.57316
4.39806
4.20637
1.514
4.35343
4.26137
5.58973
2.91051
2.77011
2.69035
2.81354
2.81811
2.7615
2.67782
2.76101
1.6348
1.57292
4.38932
4.14371
1.51786
4.31361
4.17119
5.55746
2.82593
2.74131
2.68717
2.88338
2.96893
2.71737
2.60407
2.71771
1.62764
1.57495
4.39096
4.21305
1.51683
4.24722
4.29194
5.38801
3.21478
2.68389
2.83302
3.01571
2.90706
2.71439
2.71485
2.84476
1.67765
1.56736
4.1779
4.28678
1.5169
4.3178
4.43438
5.50672
2.81753
2.67861
2.68421
2.78538
2.87351
2.70406
2.65086
2.76002
1.63364
1.57023
4.21481
4.1081
1.51736
4.50242
4.22603
5.76339
2.8285
2.7822
2.86825
2.84388
3.02744
2.78044
2.64733
2.73217
1.6355
1.57426
4.14405
4.18513
1.51885
4.41771
4.14361
5.6596
3.15125
2.72071
2.70349
2.76944
2.83001
2.87761
2.62657
2.79681
1.62655
1.57344
4.12012
4.24603
1.51731
4.43149
4.27262
5.5913
3.14777
2.84749
2.67353
2.69242
2.9451
3.20324
2.64229
2.63732
1.67977
1.56413
4.14806
4.25011
1.51565
4.5007
4.30368
5.56156
2.73024
2.70179
2.76781
2.80871
2.94415
2.83251
2.95962
2.64234
1.63322
1.5699
4.27901
4.16488
1.51716
4.29851
4.3253
5.30488
2.83783
2.83146
2.87622
2.80938
2.86797
2.83927
2.71298
2.69428
1.63362
1.57519
4.28411
4.23965
1.51644
4.42343
4.16077
6.00268
2.8751
2.81064
2.71817
2.71824
2.93886
2.79983
2.81742
2.91042
1.63132
1.57152
4.09226
4.22472
1.51272
4.5278
4.33137
5.58408
2.76585
2.75065
2.77058
2.84001
2.90087
2.75525
2.69705
2.65079
1.67725
1.56581
4.13504
4.27433
1.51588
4.36278
4.19641
5.71706
2.66815
2.94024
2.63407
2.91415
2.85261
2.7516
2.69082
2.63828
1.63463
1.57625
4.18821
4.35617
1.51929
4.28691
4.22615
5.62982
2.92944
2.6958
2.71547
2.80092
3.0629
2.92691
2.60397
2.72043
1.63255
1.5779
4.57942
4.19992
1.51922
4.57743
4.13598
5.61292
3.07044
2.67596
2.98024
2.71652
2.85033
2.73914
2.59047
2.64706
1.62849
1.57341
4.46356
4.17929
1.51863
4.37809
4.3663
5.69036
3.05395
2.67904
2.70817
2.71536
3.01844
2.95816
2.56874
2.68867
1.67889
1.5687
4.09716
4.20307
1.51609
4.26592
4.19164
5.82437
2.78481
2.7764
3.00833
2.95352
2.92243
2.8323
2.85161
2.94707
1.63129
1.57428
4.24622
4.19226
1.51901
4.32546
4.16084
5.5992
3.00532
2.88669
2.74031
2.80694
2.83862
2.76978
2.64105
2.73356
1.63293
1.57204
4.14036
4.31241
1.51305
4.3089
4.12231
5.62203
2.77281
2.88492
2.7254
2.84958
2.86663
2.85202
2.5664
2.67282
1.63231
1.57193
4.15158
4.13986
1.51938
4.4204
4.17064
5.62181
2.81605
2.82862
3.02283
2.95566
2.99549
2.77139
2.60629
2.57729
1.68369
1.56163
4.27138
4.32336
1.51629
4.4492
4.19768
5.47918
2.70002
2.72001
2.69484
2.74386
2.94671
2.82606
2.62635
2.74991
1.6315
1.57271
4.12417
4.44021
1.51957
4.42523
4.12878
5.38213
3.11369
2.80869
2.67934
2.86204
2.86932
2.77947
2.60599
2.85156
1.63085
1.57374
4.13686
4.14835
1.51367
4.36423
4.19738
5.64282
2.84752
2.68016
2.65091
2.88879
3.10875
2.77237
2.80071
2.67794
1.62944
1.57293
4.10461
4.17713
1.51786
4.34019
4.21701
5.61671
2.80492
2.72458
2.73171
2.7501
3.01954
2.96825
2.87867
2.7554
1.67756
1.56465
4.17216
4.22402
1.51196
4.36275
4.19709
5.6628
2.9825
2.86188
2.99858
2.78827
3.0883
2.80907
2.63847
2.66791
1.63307
1.57055
4.53281
4.38386
1.51966
4.4127
4.16578
5.70438
2.8955
2.79445
2.76243
2.90515
2.83875
2.69966
2.80483
2.66997
1.63216
1.57574
4.27964
4.20234
1.51762
4.77456
4.15265
5.77713
2.84706
3.00417
2.91992
2.7103
3.04142
2.78668
2.61012
2.80956
1.63003
1.57137
4.12078
4.20926
1.51603
4.48649
4.12026
5.58404
2.90307
2.70253
2.71551
3.00796
2.83474
2.76888
2.83198
2.68891
1.68224
1.56132
4.36983
4.15947
1.51602
4.31193
4.35013
5.59709
2.77923
2.6974
2.72563
2.94453
2.89446
2.74729
2.77022
2.65221
1.63443
1.57257
4.37986
4.33262
1.51637
4.31099
4.28105
5.27761
2.69591
2.76052
2.84769
2.78131
3.13491
2.68893
2.57891
2.65956
1.63322
1.57235
4.1215
4.5811
1.51586
4.31166
4.33051
5.89304
2.89376
2.69512
2.90809
2.71658
2.8873
2.77646
2.59443
2.6476
1.62782
1.57435
4.21731
4.07764
1.51442
4.38167
4.28237
6.09757
2.84551
2.67523
2.84722
2.84975
2.88663
2.8073
2.90244
2.86682
1.67914
1.56526
4.12123
4.19739
1.51521
4.37541
4.15247
5.59948
2.75542
2.75324
2.76967
2.78495
2.98633
2.8086
2.5929
2.91155
1.62949
1.57686
4.27256
4.35355
1.51483
4.37861
4.25315
5.62895
2.86698
3.08088
2.84586
2.79459
2.87069
2.75669
2.69818
2.62619
1.63209
1.57133
4.10416
4.09665
1.52083
4.28009
4.36351
5.77075
2.71136
2.6709
2.905
2.90623
2.81082
2.683
2.89047
2.62985
1.62765
1.57645
4.35006
4.20823
1.51681
4.38544
4.21041
5.43773
2.84605
2.81985
2.75326
2.78047
2.93223
2.74188
2.79889
2.62076
1.67698
1.56548
4.48836
4.18039
1.51819
4.24595
4.28336
5.72438
2.94294
2.81124
3.12042
2.7529
2.86098
2.75614
2.80906
2.70621
1.63195
1.57558
4.24535
4.1296
1.51616
4.36982
4.12953
5.71834
3.0384
3.31494
2.6554
2.74835
2.91353
2.71873
2.64329
2.68665
1.63652
1.57261
4.22684
4.25752
1.51815
4.47685
4.14253
5.64555
2.75175
2.67844
2.72575
2.93759
2.98594
2.7208
2.84513
2.68732
1.63118
1.57263
4.1603
4.18957
1.51531
4.34751
4.14025
5.70818
2.70225
2.82617
2.95188
2.74098
2.86499
2.9368
2.61607
2.65322
1.67896
1.56284
4.61149
4.36026
1.51794
4.42485
4.24157
5.38236
2.78445
3.05421
2.69624
2.74262
2.82258
3.10169
2.74194
2.62699
1.6288
1.57689
4.23342
4.28177
1.51551
4.27772
4.23649
5.52444
2.92003
2.73333
2.76481
2.80057
3.28534
2.97413
2.85933
2.68397
1.63559
1.57664
4.38723
4.16303
1.51774
4.57595
4.2075
5.68067
2.73423
2.66853
2.79286
2.92331
2.96586
2.7475
2.75726
2.69068
1.63121
1.57175
4.15368
4.14293
1.51684
4.53939
4.37652
5.5159
2.83139
2.74777
2.82403
2.98471
2.96742
2.83264
2.65121
2.6697
1.68173
1.56373
4.20022
4.25163
1.51707
4.52728
4.36906
5.43158
2.82436
2.83855
2.83938
3.13486
3.07942
2.8423
2.85947
2.75574
1.632
1.57308
4.50359
4.43793
1.75749
4.52262
4.5848
5.9503
2.92191
2.89986
2.91568
3.05957
3.05061
3.5462
2.83013
2.80384
