1.60747
1.54111
3.25796
3.06728
1.53238
3.36844
3.10856
7.40617
2.92099
2.98808
3.10687
3.13295
3.04819
3.33606
3.04274
3.00884
1.671
1.57465
3.47964
3.46978
1.49276
3.41306
3.35355
9.21997
3.40301
3.30155
3.22909
3.18125
3.30896
3.10707
3.24156
3.29797
1.65428
1.57347
2.37792
2.35585
1.49124
2.5315
2.4005
4.62899
2.15628
2.13064
2.21609
2.31502
2.19275
2.43782
2.13164
2.19805
1.61609
1.51769
2.30603
2.10809
1.49267
2.36364
2.25515
5.42955
1.96879
1.81495
2.05313
1.91332
2.41409
2.0583
2.08092
1.99847
1.61537
1.52009
2.03376
2.12537
1.49135
2.08393
2.49202
4.86823
1.92064
1.91414
1.78867
1.96038
2.07354
1.87485
2.18834
2.022
1.61653
1.52166
2.19839
2.14091
1.49143
2.45685
2.22321
5.04137
1.8308
1.86349
1.83773
1.89431
2.05639
1.97566
2.18637
2.10397
1.65182
1.57263
2.07617
2.28156
1.49089
2.15654
2.07774
4.8213
1.92443
2.13162
1.85353
2.02258
2.15942
1.91393
2.09945
2.25911
1.61974
1.52225
2.04486
2.01915
1.49171
2.12884
2.10036
5.11569
1.9333
1.8247
1.97786
2.02437
2.03517
1.99631
2.09609
2.13836
1.61636
1.52264
2.13483
2.098
1.49249
2.15527
2.62854
5.49325
1.90496
1.91474
1.88533
1.86238
2.17161
2.08296
2.16894
2.07994
1.62
1.52229
2.05782
1.99971
1.49079
2.14476
2.15352
5.10863
1.98954
1.87327
2.17726
2.24879
2.07064
1.85496
2.28906
1.97571
1.65233
1.57214
2.12236
2.15901
1.49051
2.30944
2.0737
5.57813
2.21715
1.88483
1.87187
2.25179
2.11054
1.86683
1.97933
2.13131
1.62195
1.52136
2.01588
1.98611
1.49164
2.31077
2.11755
4.94825
2.30125
2.02757
1.92802
1.98697
2.09069
2.08704
2.17977
2.13096
1.61877
1.52087
2.33695
2.03207
1.49086
2.12955
2.07764
5.40292
1.94202
1.7751
1.9712
1.82821
2.19279
1.84468
2.04076
1.9373
1.61784
1.52145
1.99081
2.09029
1.49184
2.35607
2.1221
4.77123
2.46347
1.88618
1.85111
1.85008
2.07234
2.05483
2.09834
1.90654
1.6505
1.57239
2.026
2.09421
1.49093
2.16783
2.22845
5.47294
1.76198
2.36324
1.89865
2.06259
2.24249
1.87863
2.22856
1.97188
1.61696
1.52265
2.06247
2.21549
1.49116
2.20275
2.21733
5.13844
1.92725
1.81178
1.89662
2.03696
2.48888
1.93092
2.13169
2.02674
1.62063
1.52156
2.03128
2.05615
1.49167
2.13997
2.22045
5.81485
1.87988
1.82434
2.00104
2.04914
2.06144
1.87249
2.00665
2.17303
1.61698
1.52168
2.2549
2.06775
1.49107
2.28649
2.15315
6.01439
1.96809
2.03201
1.85542
1.99452
2.14117
2.30886
1.96237
1.95269
1.65053
1.57322
2.29697
2.08668
1.49177
2.35207
2.10121
5.31032
2.15834
2.05384
1.91382
1.89563
2.08384
2.15175
2.1182
2.27963
1.61675
1.52281
2.21574
2.2063
1.49108
2.18087
2.09548
4.92335
1.93958
1.94365
1.98588
1.92878
2.2364
2.00409
2.17099
1.96976
1.62016
1.52083
2.05148
1.99448
1.49206
2.17746
2.01343
4.85487
1.98695
2.02403
2.21756
1.98207
2.37457
1.83887
1.98479
1.89488
1.61811
1.52109
2.09321
2.06156
1.49161
2.34366
2.06578
5.12935
2.17407
1.86849
2.61287
1.84465
2.12578
1.92031
2
2.04272
1.65052
1.57222
2.10431
2.04876
1.49167
2.229
2.00144
4.9045
2.034
1.8034
2.03724
2.19826
2.07405
2.06768
2.08148
1.92848
1.6182
1.52214
2.26655
2.13071
1.49109
2.2222
2.04594
5.04823
2.0142
1.91923
1.8697
2.04335
2.0476
1.9607
2.36407
2.11293
1.61814
1.52097
1.99599
2.13244
1.49111
2.07594
2.40461
4.83271
1.80709
2.22474
2.15777
1.98412
2.02172
1.94862
1.97685
2.22067
1.61858
1.52242
2.12152
1.99825
1.49033
2.50454
2.06843
5.26379
2.07235
2.2203
2.44733
2.0583
2.26867
1.9107
1.96543
1.95591
1.65222
1.57274
2.1165
2.10093
1.49092
2.27649
2.14744
5.01985
1.94283
2.06584
2.03818
1.99695
2.02922
2.30188
2.08993
1.95996
1.61844
1.52161
2.189
2.01368
1.4909
2.24018
3.09748
5.02817
1.88245
1.97348
1.88591
2.02426
2.1796
1.91175
2.08647
1.96073
1.61887
1.52088
2.03161
2.35699
1.49102
2.17649
2.40347
4.77302
1.93628
1.79491
2.05806
1.97793
2.30376
1.93013
2.17568
1.96747
1.61764
1.52123
2.00879
2.20323
1.49117
2.14943
2.20328
5.30063
1.96457
1.91118
2.02043
1.96618
2.13987
1.9626
2.01424
2.10351
1.64983
1.57271
2.0695
2.07576
1.49157
2.11831
2.10055
4.99616
1.98816
2.054
1.90375
2.31376
2.11183
1.88987
2.14627
2.02337
1.6193
1.52088
2.09738
2.11099
1.49213
2.5295
2.11081
5.21658
1.9476
1.86419
1.92765
1.91615
2.00149
1.99066
2.02219
2.24305
1.6187
1.52131
2.14312
1.9836
1.49228
2.10683
2.06492
4.98454
1.90193
2.02668
2.07242
1.87393
2.16802
2.15248
2.6818
2.04614
1.61516
1.5223
2.04238
2.07729
1.49053
2.12331
2.07166
5.24956
2.41797
2.23429
1.87022
1.96838
2.00822
1.96059
2.09295
2.07395
1.65088
1.57284
2.01736
2.02885
1.49136
2.41207
2.21409
4.85607
1.93315
1.7823
2.06514
1.94053
2.21776
1.90978
2.16108
1.9994
1.61931
1.52201
2.02616
2.02296
1.49155
2.18582
2.15624
5.16472
1.8723
2.08682
1.96912
2.43075
2.11932
2.11539
2.08971
2.13425
1.61775
1.52096
2.09852
2.22912
1.49092
2.20662
2.1122
5.05387
1.96484
1.88917
1.8062
2.19535
2.16334
1.90763
1.9149
2.04837
1.6209
1.52187
2.06705
2.13684
1.49171
2.15265
2.07827
4.82267
1.87834
2.31183
1.91829
1.92276
2.05579
1.9154
2.03633
2.38908
1.65502
1.57305
1.99357
2.17008
1.491
2.11735
2.17358
5.15245
2.06625
1.87658
2.06834
2.29671
2.14371
2.09413
1.94434
1.9611
1.62088
1.52251
2.07005
2.34987
1.49066
2.12437
2.69007
4.83136
2.05037
2.04605
2.03257
1.85272
2.43067
1.93154
2.08853
1.99918
1.61951
1.52054
2.3171
2.23404
1.49028
2.22515
2.04232
4.99173
1.92092
1.94654
1.93313
2.02888
2.31516
1.95879
2.01735
2.0056
1.62221
1.52203
2.0092
2.05173
1.49104
2.15781
2.16297
5.25045
2.06441
1.88238
2.0168
2.16061
2.10671
1.90437
2.40043
1.95867
1.65227
1.57304
2.0497
2.1062
1.49097
2.26465
2.03851
4.96323
1.93804
1.8918
2.04464
1.85508
2.10483
2.0192
2.18566
2.01505
1.61717
1.52152
2.41256
2.03184
1.49119
2.11504
2.00756
4.88392
1.77809
2.10638
1.91128
1.89994
2.07993
1.93926
1.9128
2.15186
1.6184
1.52101
2.09941
2.40354
1.49065
2.16129
2.09964
5.24757
1.86918
1.82726
1.87654
1.99927
1.9904
2.42958
1.95504
2.06505
1.61873
1.52303
2.02441
2.27625
1.49205
2.19728
2.81863
4.96593
1.8183
1.77931
2.05688
1.88673
2.11758
1.86611
2.12519
2.07202
1.64992
1.57336
2.19396
2.03546
1.49017
2.13887
2.19826
5.1828
1.90494
2.01398
1.9133
1.84114
2.06164
1.90149
1.96506
2.2325
1.6187
1.5216
2.25295
2.1956
1.49095
2.06507
2.07416
4.93289
1.83977
1.85126
1.90829
2.0571
2.28905
1.90474
1.96446
2.04229
1.62076
1.52103
2.03045
2.26096
1.49104
2.26348
2.05984
5.19936
2.01194
2.26323
2.12834
2.22575
2.13792
2.08807
2.07976
2.04176
1.61627
1.52109
2.25794
2.04743
1.49154
2.20157
2.06599
5.09426
1.92316
1.74222
2.0321
2.06371
2.04591
2.05817
2.0217
2.19011
1.65163
1.57254
1.99794
1.96563
1.49158
2.30925
2.03973
4.7692
2.18674
1.8917
1.85113
2.0881
2.41719
1.85407
1.99453
2.07722
1.61819
1.52256
2.04591
2.08366
1.49195
2.23814
2.20891
4.96508
1.92305
2.1084
1.93336
2.24288
2.08346
2.43146
1.93886
1.90901
1.61876
1.5204
1.97403
2.0839
1.4917
2.70062
2.80159
5.18669
1.90925
2.03271
1.98561
1.89773
2.11638
1.97341
2.00832
2.14737
1.61665
1.52139
2.06407
2.3546
1.49167
2.33963
2.03783
5.13604
1.85395
2.0896
1.97151
1.86085
2.11882
1.96377
2.00976
2.13177
1.65169
1.57306
2.22702
2.04049
1.49198
2.12943
2.02982
4.88306
2.23231
1.97854
1.9475
1.90698
2.13378
2.25827
1.95981
2.04253
1.62058
1.52141
1.96576
2.33472
1.49091
2.24288
2.16749
5.16591
1.91961
1.86339
2.00609
1.97369
2.18771
1.97082
2.1527
2.11553
1.61817
1.52098
2.2949
2.12759
1.49157
2.3656
2.71968
4.77206
1.90129
1.95972
1.81672
2.08592
2.09334
1.90314
2.11635
2.20946
1.61677
1.52146
2.05919
2.0431
1.49163
2.13602
2.1987
5.49492
1.868
1.95393
1.7922
2.0988
2.23362
2.33101
1.94284
2.26803
1.65148
1.57375
2.1201
1.98
1.49027
2.13528
2.4547
5.28627
1.90762
1.86874
2.00306
1.9476
2.01604
1.9209
2.05208
2.27617
1.61764
1.52168
2.04614
2.10699
1.49171
2.22985
2.06585
5.59844
1.99705
1.91455
2.10739
1.89517
2.16531
2.27904
2.05159
2.054
1.62044
1.52119
2.02744
2.1926
1.48989
2.14294
2.00052
5.17461
1.94135
1.82229
2.0325
1.90514
2.17493
1.95133
2.06378
2.09739
1.61696
1.52242
2.06868
2.22151
1.4906
2.2859
2.20541
4.79962
2.24955
1.97144
2.36795
1.97662
2.22454
1.88732
2.03617
2.23704
1.64745
1.57233
2.20468
2.03141
1.49091
2.16533
2.03881
5.20621
1.98766
2.01861
1.91192
1.94895
2.14559
2.13829
2.00263
2.07643
1.61877
1.52176
2.24184
2.14138
1.50227
2.24584
2.20771
4.83626
2.01993
1.91379
2.0336
2.00303
2.1606
2.26857
2.09449
2.29253
