1.61263
1.58053
3.13897
3.14364
1.61115
3.28484
3.10432
7.10202
2.85786
2.78145
2.76557
2.82818
2.82674
2.78266
2.76693
2.73458
1.68338
1.54761
3.65994
3.56507
1.50491
3.68891
3.67896
7.83407
3.62278
3.70301
3.68977
3.54869
3.7665
3.657
3.86981
3.7103
1.68527
1.55055
2.59789
2.62212
1.50642
2.6754
2.656
5.33913
2.32294
2.35373
2.4639
2.36533
2.49833
2.42837
2.42957
2.42889
1.60962
1.56192
2.19497
2.07387
1.502
2.34634
2.18279
5.0741
1.96261
2.40872
2.14488
2.16964
2.38362
2.01482
2.19932
2.21643
1.61215
1.56181
2.19732
2.16681
1.50581
2.16849
2.1034
5.21836
2.19776
1.94576
2.11358
1.97276
2.23386
2.18204
2.38938
2.25593
1.61209
1.56072
2.14037
2.22182
1.50201
2.18082
2.3084
5.01798
2.00903
2.04021
1.90942
2.00571
2.13626
1.95911
2.15838
2.02626
1.68082
1.55645
2.08038
2.2953
1.50471
2.46795
2.31133
5.14562
2.22041
1.97824
2.41576
1.95588
2.17796
1.98182
2.14055
2.08682
1.61563
1.56415
2.01396
2.14231
1.50387
2.41154
2.11047
5.29505
2.12526
1.9821
2.00494
2.04699
2.19375
1.93365
2.27274
2.09514
1.61284
1.56048
2.43724
2.21658
1.50365
2.18743
2.11099
5.25476
2.36655
1.92417
2.04259
1.96882
2.27314
2.16111
2.12388
2.11483
1.61087
1.55972
2.03992
2.71417
1.50505
2.19288
2.02867
5.06296
2.1216
2.21883
2.08258
1.93319
2.15045
2.48082
2.23018
2.12625
1.68304
1.55313
2.21745
2.1638
1.50373
2.18486
2.23376
5.2849
1.90462
1.97504
2.05976
2.15727
2.26333
2.09843
2.1013
2.0696
1.61454
1.56025
2.10811
2.08456
1.50361
2.36604
2.28054
5.04353
2.12309
1.86149
2.16293
1.94974
2.4441
2.23918
2.18545
2.04718
1.6125
1.56176
2.11842
2.08059
1.50249
2.19126
2.43576
5.49883
2.09075
1.96232
1.88738
1.98735
2.10599
2.01157
1.96606
2.11243
1.61334
1.55775
2.01928
2.4043
1.50409
2.12723
2.08138
5.41025
2.14649
2.04114
1.95866
1.98137
2.07922
2.03252
2.10262
2.18733
1.68093
1.55366
2.33902
2.12367
1.50486
2.23288
2.08863
4.90949
1.95215
1.90411
1.97562
2.05572
2.15294
2.22481
2.21237
2.06059
1.61395
1.56155
2.09884
2.14956
1.5059
2.3473
2.30835
5.69921
1.89558
1.89517
2.28725
1.99298
2.11365
2.16915
2.06425
1.98844
1.61252
1.55892
2.13495
2.09325
1.50329
2.13023
2.0717
6.26913
1.93269
1.89456
2.0661
1.91754
2.11744
2.22054
2.02057
2.06444
1.61131
1.56077
2.28564
2.24314
1.50256
2.17599
2.09587
5.40146
1.94543
1.97099
2.35722
1.97546
2.05677
1.95186
2.05818
2.35304
1.6824
1.55506
2.1505
2.25734
1.50334
2.21335
2.23553
5.69196
1.91677
1.98215
1.946
2.10872
2.0602
2.23287
2.15413
2.29141
1.61457
1.56153
2.25659
2.26701
1.50421
2.27491
2.17974
5.39968
2.08946
2.02116
1.90476
1.99527
2.28912
2.04568
2.1312
2.02164
1.61208
1.56058
2.25761
2.10203
1.50345
2.10715
2.35599
5.43858
1.98876
1.91515
2.071
2.08053
2.10827
2.00744
2.18456
2.13651
1.61112
1.56064
2.04733
2.05864
1.50452
2.14732
2.02906
5.27156
1.9684
1.92672
2.08445
2.24462
2.42619
2.06845
2.13822
2.05638
1.68297
1.55247
2.1297
2.18071
1.50353
2.12139
2.22014
5.22333
2.14637
1.93281
2.15955
2.59618
2.3526
1.96244
2.15946
2.02159
1.61395
1.56046
2.32721
2.06831
1.50284
2.18755
2.0658
5.04051
2.33437
1.83806
2.03776
2.07133
2.14606
2.0697
2.20155
2.07351
1.61237
1.55925
2.19031
2.09424
1.50423
2.23625
2.43324
5.38291
2.09358
2.04634
2.00519
2.00855
2.24251
2.35732
2.21804
2.10905
1.61071
1.55947
2.24307
2.17325
1.50363
2.15835
2.08094
4.95139
1.98202
2.48466
2.34526
2.04002
2.25203
2.12727
2.04559
2.09262
1.68332
1.55421
2.16339
2.23562
1.50419
2.36565
2.21261
5.55971
2.15886
1.98204
2.32145
2.06474
2.31045
1.96526
2.04972
2.01655
1.61498
1.56036
2.08673
2.04461
1.50358
2.47417
2.16601
5.69714
2.10077
1.99336
1.91996
2.08044
2.20451
2.28696
2.16096
2.08166
1.61156
1.56036
2.19933
2.17383
1.50524
2.1162
2.12989
5.37635
2.50531
1.91237
2.02176
2.18906
2.20502
2.10219
2.06463
2.13024
1.61229
1.56131
2.22887
2.24546
1.50171
2.50385
2.31237
4.87968
2.20221
2.06103
2.24133
2.4843
2.26732
2.16211
2.07509
2.03895
1.68306
1.5584
2.05248
2.09035
1.50501
2.46204
2.13557
5.65098
2.38932
2.11528
2.13876
2.04203
2.19888
2.0164
2.15941
2.09866
1.61526
1.56292
2.07065
2.08051
1.50233
2.17004
2.25937
5.27564
2.0402
2.00404
2.05121
2.11635
2.2268
2.37704
1.96658
2.06543
1.61062
1.55949
2.01051
2.11758
1.50599
2.2747
2.06605
5.48357
2.10026
1.85116
1.90408
2.00686
2.18706
1.89779
2.11866
2.34908
1.61254
1.5601
2.07667
2.09749
1.50283
2.14932
2.00969
4.97721
1.94985
1.83357
1.92984
2.33604
2.18452
2.1773
2.03928
2.07838
1.68132
1.55629
2.08301
2.0453
1.50641
2.301
2.04107
5.25561
1.95666
2.00177
1.91535
1.92324
2.34203
2.05526
2.08306
2.18148
1.61372
1.56512
2.21536
2.22132
1.5031
2.13586
2.06274
5.39427
2.10245
2.07285
2.04669
2.038
2.55318
2.37499
2.11946
2.1
1.61188
1.55918
2.18147
2.23679
1.50449
2.1152
2.26057
5.19214
2.13801
2.23262
1.87583
2.05365
2.13686
1.98378
2.01996
2.1121
1.61312
1.55803
2.176
2.06937
1.50383
2.176
2.06602
5.32819
2.08312
1.95228
1.89557
1.92614
2.2215
1.95151
2.05552
2.86769
1.68355
1.55585
2.0668
2.37858
1.50514
2.32949
2.01857
5.1574
1.98193
1.97359
1.91034
2.26301
2.86047
2.25671
2.07172
2.17088
1.6161
1.56169
2.20437
2.24113
1.50325
2.2831
2.12164
5.26077
1.91367
1.9646
2.31903
2.0258
2.11335
2.19604
2.03718
1.95904
1.61219
1.56197
2.37626
2.31242
1.50246
2.3886
2.07611
5.1346
2.02401
2.03486
1.91721
1.94591
2.32941
2.08249
2.20689
2.19336
1.61352
1.55943
2.12165
2.13885
1.50516
2.24469
2.15099
5.10906
1.93956
1.93358
2.25153
1.98865
2.25481
2.16828
2.08258
2.14565
1.68367
1.5546
2.18307
2.15155
1.50351
2.26096
2.18324
5.15529
2.23074
2.08265
1.89449
2.02338
2.20933
2.2201
2.05548
2.02633
1.61334
1.56166
2.19392
2.24564
1.50333
2.21686
2.1344
5.31027
2.26239
1.96762
1.87305
1.97684
2.04024
2.28488
2.11402
2.24128
1.61177
1.56333
2.16375
2.17366
1.50166
2.28272
2.06252
5.73952
1.89285
1.97356
2.14969
1.96489
2.15618
1.95959
2.04662
2.06969
1.61269
1.55986
2.27134
2.29075
1.50392
2.1655
2.06659
5.45342
2.21326
1.8779
1.93472
2.09333
2.1616
2.06265
2.22739
2.33256
1.68207
1.5557
2.05875
2.32829
1.50607
2.25399
2.04629
4.91894
2.19922
2.11164
2.10044
1.98908
2.2406
2.13716
2.24702
2.22796
1.61327
1.5625
2.12559
2.43247
1.50341
2.38627
2.13835
5.30703
2.06341
2.0948
1.97241
1.90968
2.08047
2.40591
2.20947
2.47971
1.61231
1.55866
2.14306
2.37967
1.50384
2.3477
2.53934
5.19769
1.962
1.89786
2.13394
2.28753
2.25153
2.11292
2.06697
2.03228
1.60978
1.56134
2.00867
2.26615
1.50465
2.15855
2.07899
5.0425
1.95771
2.03999
1.97971
2.09246
2.35663
1.9938
2.02454
2.17881
1.68275
1.55446
2.25594
2.10231
1.5059
2.12986
2.1613
5.17437
2.08465
2.11577
2.27817
1.96809
2.39902
2.32503
2.04285
2.20965
1.61371
1.56267
2.56483
2.42687
1.50394
2.46386
2.10782
5.13487
1.97595
2.30479
2.0933
2.18863
2.14957
2.0224
2.10929
2.03182
1.61205
1.56177
2.33162
2.18065
1.50299
2.17444
2.08229
5.23797
2.04304
1.98627
2.20548
1.96519
2.11014
2.03867
2.76648
2.00575
1.61078
1.56051
2.10425
2.08662
1.5039
2.15834
2.23772
5.39992
2.0513
1.97317
2.07272
2.14878
2.29829
2.12292
2.55012
2.18525
1.68245
1.55478
2.09115
2.13448
1.50359
2.12911
2.10604
5.21125
2.17222
1.97603
2.01539
2.10482
2.17999
2.09777
2.09134
2.09509
1.61616
1.55982
2.05095
2.10152
1.50214
2.28294
2.34355
4.98499
2.0127
2.13045
2.07883
2.28378
2.41886
2.46587
1.99941
2.0952
1.61473
1.55987
2.20187
2.38971
1.5048
2.6694
2.33343
5.13548
1.96925
2.10019
2.05097
1.90083
2.09964
2.66152
2.04244
2.10989
1.61033
1.56274
2.20264
2.29213
1.50387
2.2751
2.16317
5.36002
2.04867
2.20022
2.03079
2.03504
2.34881
2.15982
2.14509
2.13857
1.68113
1.555
2.34602
2.04682
1.50402
2.19437
2.08697
5.18268
2.07502
2.06496
1.99603
2.19085
2.0899
2.10094
2.05488
2.63208
1.61644
1.55956
2.48009
2.16537
1.50456
2.25917
2.14662
5.07893
2.02886
1.99997
1.98674
1.95486
2.40784
2.11817
2.0755
2.16493
1.61178
1.56111
2.25391
2.32547
1.50306
2.53021
2.13417
5.14033
2.13174
1.96428
2.30144
2.00096
2.31406
2.19823
2.07355
2.25612
1.61093
1.56089
2.2587
2.0883
1.50532
2.34153
2.11083
5.24926
2.18224
1.90604
2.04619
1.98142
2.24156
2.05029
2.02868
2.06524
1.68228
1.55285
2.34443
2.39747
1.5022
2.18654
2.14173
5.12195
2.20122
2.12846
2.20923
2.09194
2.28109
2.19106
2.16043
2.19147
1.61572
1.5586
2.31517
2.28976
1.6113
2.352
2.64308
5.2674
2.35
2.442
2.31607
2.14912
2.487
2.16842
2.20871
2.28911
